
Self publish
Self publish
94662.38
   34.47
94664.34
   34.50
94663.73
   34.51
94663.70
   34.51
94663.47
   34.52
94663.25
   34.50
94663.41
   34.51
94663.55
   34.51
94663.48
   34.52
94663.14
   34.52
94662.54
   34.50
94662.58
   34.49
94662.39
   34.49
94662.28
   34.46
94662.12
   34.43
94661.81
   34.40
94662.04
   34.39
94662.45
   34.38
94662.41
   34.36
94660.93
   34.29
94662.79
   33.82
94661.32
   33.72
94660.73
   33.61
94659.23
   33.63
94660.74
   33.59
94661.24
   33.44
94662.23
   33.18
94661.09
   33.11
94660.80
   33.16
94661.21
   33.21
94661.95
   33.21
94661.70
   33.25
94662.74
   33.27
94663.03
Self publish
92853.25
   24.80
92861.68
92864.16
20.54
92868.37
20.09
92863.60
19.88
92871.26
19.80
92877.77
19.71
92878.16
19.69
