39.933833388766374
64.178198398988
-5.403777195534811
10.55913471758723
45.525324075238814
57.250557156781255
79.3379520327747
15.810125336645278
88.7036939211435
37.609529492061746
11.92419479122751
15.032789513347169
-9.741744009453663
51.190398588068646
55.94931302933797
72.22628266856572
43.34662887232466
-0.013749083744258428
63.993122811162024
69.17809030414094
77.23409466311413
59.44818154232186
58.495597416834386
-11.678380425063182
48.72130124623524
39.96169367600417
-13.393111869967678
-2.6526781455836534
-14.316693654918291
1.0991397873134972
-7.115012308938162
36.38929939265389
-9.824117735366723
41.49875805700498
87.71165433215695
36.677480861226464
52.46743608135823
54.82120565160365
-10.066254513403141
-14.839278105637614
5.970089331622436
-5.722364616826479
-14.1179437847406
68.90750999398043
93.94032029037463
3.726373907760351
-12.715546881751267
71.59760786845199
44.18873402988035
14.655712407851162
39.82064223457132
20.213463699842094
94.10033763365381
41.13039410838551
31.10374076281773
94.24072162200565
29.40961058074535
-15.559882048831884
60.461547904122526
67.64420090975138
57.62696974717872
25.080823590759756
43.12475828456129
-10.44084197182129
89.62091679198615
32.51539362261094
85.59687144294318
15.861321199789607
56.76320355839468
36.26620608379358
45.55116405332916
35.33897260808753
-19.278145196925934
47.91238912014954
85.78694503708579
99.53113828609084
5.43729315384563
28.962592900200676
78.80444102519299
66.89939972078862
15.514700714482935
53.61089083999141
54.32267636824484
91.1338955255268
94.92221834223157
43.09476779634368
8.679711083602605
-8.41253387265632
41.69394918048543
67.50438986321026
41.019541625172636
23.453477023016077
9.962508778337064
-5.214193684302986
22.559970228076942
-19.748121862958847
-17.64699219485945
41.21795635404713
83.63632666504391
46.965609059156165
71.99031924622922
0.538504793860703
10.504442528762713
77.50251177167718
95.44256456455483
1.5675172132448765
39.14524805166159
6.18831345604282
10.158546202729376
11.473383899224999
77.1016624459101
19.700171146144122
-4.7487658964994885
3.177552766743762
53.211176264667955
92.48839248779619
-12.433924223906834
91.0180000672473
14.406292518003
-17.68627997283425
54.658329250794665
23.752547300246846
32.89734777931307
9.968024298098499
68.6622277866858
62.867236301740604
46.397813192957045
31.84815538081927
65.20721386329062
-10.648144748430287
66.96607954565621
92.17433239303023
26.67400323703403
60.397099925997395
-14.628050891362676
64.95690288632645
7.83388921233265
-15.944719627856191
-15.332646270838532
66.39045101386783
79.40434915561777
89.2477231050386
-15.233929278342968
72.26815289214073
19.95150477317786
17.427543720510826
-8.606236509867372
28.1501188555048
46.3176516266129
-10.937977971712138
26.206006555461975
59.08400633645442
89.70021222383005
37.5994889251463
94.6715646129692
58.13594175699326
9.195884370051179
77.2884966276127
54.43241409392073
70.54878954299248
36.35091422188777
92.9187920597347
-18.324456523238478
54.42029620009656
8.498042377825481
77.03313678703108
66.94730237391467
21.326031360001238
74.8390570466641
-8.36464943640243
38.1153788412507
-6.488888642237537
74.27533194192479
0.2728438656397181
44.755605275714274
30.769485270630327
78.48122075734732
97.52975116107213
-3.3384933388494495
21.722736655960276
88.03576752123051
56.682783190742015
70.73628196377146
0.6962028435619843
33.40167267199077
76.16393297174446
53.006591626997405
22.893454233478856
90.52347164012423
-4.521776744014501
70.79361563236817
13.848012568872036
-15.104889731565535
33.444346852569176
34.54444381385575
17.295620411442087
84.02837332698684
3.212742053736605
5.397726011822389
42.84152054370445
58.86688372038765
50.41205374516623
32.12663773548713
53.05204640634477
77.95350177401832
75.85304237235135
47.557658410999764
51.76980417304986
16.61488562920868
98.46083179573777
42.70688170237654
32.421362077113464
61.520685245041605
21.055090052929025
99.70562447016593
19.46549050525291
-4.173727589871504
60.0920577449852
-5.001147546796506
-13.263217423572629
77.4676242934546
-8.351908965647613
39.885723699965546
17.617210761771844
55.69606079868679
56.31455244353157
93.5974508491101
85.81578811176767
65.71910923789969
82.13830996917302
10.437408604134994
29.34416507428014
-12.31587262828944
81.82792334395502
38.84967255035866
96.6053857506321
66.02356192441108
-6.297442964901755
68.46672688970655
38.73690018311053
2.8840679102361264
79.43695272106119
-15.814556843707246
59.7106068260762
-8.151346435998255
6.464330030566117
-10.966038244208423
34.49625108104965
75.8797060478005
15.528029159952204
26.58668962469988
-0.6315815179391819
24.575290863628453
61.06607059579326
23.655319584014983
3.063768192476296
83.50109583103793
39.9605297461252
59.189463317719344
46.41219777989963
5.856075450476656
-4.756939244018694
34.36933110575138
74.78302264407377
28.366114296550037
58.31590852878793
50.04997606479708
91.75737821791758
20.629735278063777
13.868558144202403
25.55403004813091
84.24371324128869
83.69505623688651
-3.908719567309845
47.55937531001288
48.633558729111726
14.179679405972642
67.27100301481715
4.783206252772523
51.02726934806327
16.57899356197803
19.992955947769175
16.367908569879837
6.264741647312
62.607349945901404
63.97923621539279
57.7406257769878
48.429137653544146
97.60941122367126
35.09901970548126
48.46798762461728
80.96652955616797
87.35865382435779
53.638769664722986
61.21388520980308
97.1586175788111
23.883186505623286
-5.684077040299705
-1.4734181776462272
94.1259650720598
